# E(eV),Radius(Rp),Tau
1.999602083405917256e+03,0.000000000000000000e+00,2.592645064598006477e-01
1.999602083405917256e+03,4.275865111071519256e+08,2.592645064598006477e-01
1.999602083405917256e+03,8.551730222143038511e+08,2.592645064598006477e-01
1.999602083405917256e+03,1.282759533321455956e+09,2.592645064598006477e-01
1.999602083405917256e+03,1.710346044428607702e+09,2.592645064598006477e-01
1.999602083405917256e+03,2.137932555535759449e+09,2.592645064598006477e-01
1.999602083405917256e+03,2.565519066642911911e+09,2.592645064598006477e-01
1.999602083405917256e+03,2.993105577750063896e+09,2.592645064598006477e-01
1.999602083405917256e+03,3.420692088857215405e+09,2.592645064598006477e-01
1.999602083405917256e+03,3.848278599964367390e+09,2.592645064598006477e-01
1.999602083405917256e+03,4.275865111071518898e+09,2.592645064598006477e-01
1.999602083405917256e+03,4.703451622178671837e+09,2.592645064598006477e-01
1.999602083405917256e+03,5.131038133285823822e+09,2.592645064598006477e-01
1.999602083405917256e+03,5.558624644392974854e+09,2.592645064598006477e-01
1.999602083405917256e+03,5.986211155500127792e+09,2.592645064598006477e-01
1.999602083405917256e+03,6.413797666607279778e+09,2.592645064598006477e-01
1.999602083405917256e+03,6.841384177714430809e+09,2.592645064598006477e-01
1.999602083405917256e+03,7.268970688821582794e+09,2.592645064598006477e-01
1.999602083405917256e+03,7.696557199928734779e+09,2.592645064598006477e-01
1.999602083405917256e+03,8.124143711035886765e+09,2.592645064598006477e-01
1.999602083405917256e+03,8.551730222143037796e+09,2.592645064598006477e-01
1.999602083405917256e+03,8.630283369881910324e+09,2.592645064598006477e-01
1.999602083405917256e+03,9.057869880989061356e+09,4.049908117944639799e-03
1.999602083405917256e+03,9.485456392096214294e+09,1.002590563798948751e-03
1.999602083405917256e+03,9.913042903203365326e+09,3.003202822713212507e-04
1.999602083405917256e+03,1.034062941431051826e+10,1.432292428896264689e-04
1.999602083405917256e+03,1.076821592541766930e+10,8.620986619461332406e-05
1.999602083405917256e+03,1.119580243652482033e+10,5.620758663183729020e-05
1.999602083405917256e+03,1.162338894763197327e+10,3.904141547513549117e-05
1.999602083405917256e+03,1.205097545873912430e+10,2.861079578604252985e-05
1.999602083405917256e+03,1.247856196984627533e+10,2.190582209210970312e-05
1.999602083405917256e+03,1.290614848095342827e+10,1.733233607912119026e-05
1.999602083405917256e+03,1.333373499206057930e+10,1.409672026212501961e-05
1.999602083405917256e+03,1.376132150316773033e+10,1.173363192332175103e-05
1.999602083405917256e+03,1.418890801427488327e+10,9.950456838831481617e-06
1.999602083405917256e+03,1.461649452538203430e+10,8.556412566950023673e-06
1.999602083405917256e+03,1.504408103648918533e+10,7.442571089817155719e-06
1.999602083405917256e+03,1.547166754759633827e+10,6.531509252437313111e-06
1.999602083405917256e+03,1.589925405870348930e+10,5.779167146642446238e-06
1.999602083405917256e+03,1.632684056981064224e+10,5.145093778750622138e-06
1.999602083405917256e+03,1.675442708091779137e+10,4.604091011803751467e-06
1.999602083405917256e+03,1.718201359202494431e+10,4.138930872326795957e-06
1.999602083405917256e+03,1.760960010313209915e+10,3.731327481639760824e-06
1.999602083405917256e+03,1.803718661423925018e+10,3.377853700575198538e-06
1.999602083405917256e+03,1.846477312534639740e+10,3.066140208655190485e-06
1.999602083405917256e+03,1.889235963645355225e+10,2.790982447285207856e-06
1.999602083405917256e+03,1.931994614756070709e+10,2.542612023531420115e-06
1.999602083405917256e+03,1.974753265866785431e+10,2.324134236350722046e-06
1.999602083405917256e+03,2.017511916977500534e+10,2.128685259669148874e-06
1.999602083405917256e+03,2.060270568088216019e+10,1.950069262114925285e-06
1.999602083405917256e+03,2.103029219198931122e+10,1.790953519455469878e-06
1.999602083405917256e+03,2.145787870309646225e+10,1.648034156218722498e-06
1.999602083405917256e+03,2.188546521420361328e+10,1.519086737736076344e-06
1.999602083405917256e+03,2.231305172531076431e+10,1.399340533187845077e-06
1.999602083405917256e+03,2.274063823641791916e+10,1.291865918396829750e-06
1.999602083405917256e+03,2.316822474752507019e+10,1.194799559597675308e-06
1.999602083405917256e+03,2.359581125863221741e+10,1.103465656499848157e-06
1.999602083405917256e+03,2.402339776973937225e+10,1.023431708001895079e-06
1.999602083405917256e+03,2.445098428084652710e+10,9.503430016661589665e-07
1.999602083405917256e+03,2.487857079195367432e+10,8.796364427478456717e-07
1.999602083405917256e+03,2.530615730306082535e+10,8.190143985826424575e-07
1.999602083405917256e+03,2.573374381416798019e+10,7.608263786990564578e-07
1.999602083405917256e+03,2.616133032527513123e+10,7.075720989092619328e-07
1.999602083405917256e+03,2.658891683638228226e+10,6.602893699508121974e-07
1.999602083405917256e+03,2.701650334748943329e+10,6.133905226907880352e-07
1.999602083405917256e+03,2.744408985859658432e+10,5.742422032187500005e-07
1.999602083405917256e+03,2.787167636970373917e+10,5.346391289954073794e-07
1.999602083405917256e+03,2.829926288081089020e+10,5.003509262239061462e-07
1.999602083405917256e+03,2.872684939191804123e+10,4.684230733514082265e-07
1.999602083405917256e+03,2.915443590302519226e+10,4.373503283036930297e-07
1.999602083405917256e+03,2.958202241413234711e+10,4.082216163391532867e-07
1.999602083405917256e+03,3.000960892523949814e+10,3.832891298386608239e-07
1.999602083405917256e+03,3.043719543634664536e+10,3.601012820271940393e-07
1.999602083405917256e+03,3.086478194745380020e+10,3.367037068048659407e-07
1.999602083405917256e+03,3.129236845856095505e+10,3.149922354444632788e-07
1.999602083405917256e+03,3.171995496966810226e+10,2.964984989336136300e-07
1.999602083405917256e+03,3.214754148077525330e+10,2.766848439434671241e-07
1.999602083405917256e+03,3.257512799188240814e+10,2.601146916441468389e-07
1.999602083405917256e+03,3.300271450298955917e+10,2.443491528984657758e-07
1.999602083405917256e+03,3.343030101409671402e+10,2.281022611792458901e-07
1.999602083405917256e+03,3.385788752520386124e+10,2.154217781150827637e-07
1.999602083405917256e+03,3.428547403631101227e+10,2.015179230046007159e-07
1.999602083405917256e+03,3.471306054741816711e+10,1.890573777008144021e-07
1.999602083405917256e+03,3.514064705852531433e+10,1.754802253544843233e-07
1.999602083405917256e+03,3.556823356963246918e+10,1.658864625175363787e-07
1.999602083405917256e+03,3.599582008073962402e+10,1.536993102860219745e-07
1.999602083405917256e+03,3.642340659184677124e+10,1.443115290367486709e-07
1.999602083405917256e+03,3.685099310295392609e+10,1.344677969229194872e-07
1.999602083405917256e+03,3.727857961406107330e+10,1.242137304237112413e-07
1.999602083405917256e+03,3.770616612516822815e+10,1.174309260328670066e-07
1.999602083405917256e+03,3.813375263627538300e+10,1.080671679083711503e-07
1.999602083405917256e+03,3.856133914738253021e+10,9.918397409356703950e-08
1.999602083405917256e+03,3.898892565848967743e+10,9.075254564649697978e-08
1.999602083405917256e+03,3.941651216959683228e+10,8.274372321190091291e-08
1.999602083405917256e+03,3.984409868070398712e+10,7.514264874989480543e-08
1.999602083405917256e+03,4.027168519181114197e+10,6.795014352994876964e-08
1.999602083405917256e+03,4.069927170291828918e+10,6.109847699435529841e-08
1.999602083405917256e+03,4.112685821402544403e+10,5.149772749584417160e-08
1.999602083405917256e+03,4.155444472513259125e+10,4.400581358042208801e-08
1.999602083405917256e+03,4.198203123623973846e+10,3.451775048153403986e-08
1.999602083405917256e+03,4.240961774734689331e+10,2.244667860291571162e-08
1.995941605209574163e+03,0.000000000000000000e+00,2.606097134018384720e-01
1.995941605209574163e+03,4.275865111071519256e+08,2.606097134018384720e-01
1.995941605209574163e+03,8.551730222143038511e+08,2.606097134018384720e-01
1.995941605209574163e+03,1.282759533321455956e+09,2.606097134018384720e-01
1.995941605209574163e+03,1.710346044428607702e+09,2.606097134018384720e-01
1.995941605209574163e+03,2.137932555535759449e+09,2.606097134018384720e-01
1.995941605209574163e+03,2.565519066642911911e+09,2.606097134018384720e-01
1.995941605209574163e+03,2.993105577750063896e+09,2.606097134018384720e-01
1.995941605209574163e+03,3.420692088857215405e+09,2.606097134018384720e-01
1.995941605209574163e+03,3.848278599964367390e+09,2.606097134018384720e-01
1.995941605209574163e+03,4.275865111071518898e+09,2.606097134018384720e-01
1.995941605209574163e+03,4.703451622178671837e+09,2.606097134018384720e-01
1.995941605209574163e+03,5.131038133285823822e+09,2.606097134018384720e-01
1.995941605209574163e+03,5.558624644392974854e+09,2.606097134018384720e-01
1.995941605209574163e+03,5.986211155500127792e+09,2.606097134018384720e-01
1.995941605209574163e+03,6.413797666607279778e+09,2.606097134018384720e-01
1.995941605209574163e+03,6.841384177714430809e+09,2.606097134018384720e-01
1.995941605209574163e+03,7.268970688821582794e+09,2.606097134018384720e-01
1.995941605209574163e+03,7.696557199928734779e+09,2.606097134018384720e-01
1.995941605209574163e+03,8.124143711035886765e+09,2.606097134018384720e-01
1.995941605209574163e+03,8.551730222143037796e+09,2.606097134018384720e-01
1.995941605209574163e+03,8.630283369881910324e+09,2.606097134018384720e-01
1.995941605209574163e+03,9.057869880989061356e+09,4.070898900554315025e-03
1.995941605209574163e+03,9.485456392096214294e+09,1.007771646202046270e-03
1.995941605209574163e+03,9.913042903203365326e+09,3.018608654432398453e-04
1.995941605209574163e+03,1.034062941431051826e+10,1.439586435642267238e-04
1.995941605209574163e+03,1.076821592541766930e+10,8.664657142268226693e-05
1.995941605209574163e+03,1.119580243652482033e+10,5.649091311374195625e-05
1.995941605209574163e+03,1.162338894763197327e+10,3.923732907547828995e-05
1.995941605209574163e+03,1.205097545873912430e+10,2.875379827227715211e-05
1.995941605209574163e+03,1.247856196984627533e+10,2.201493571437484901e-05
1.995941605209574163e+03,1.290614848095342827e+10,1.741840881038417385e-05
1.995941605209574163e+03,1.333373499206057930e+10,1.416654332398396466e-05
1.995941605209574163e+03,1.376132150316773033e+10,1.179162167233893404e-05
1.995941605209574163e+03,1.418890801427488327e+10,9.999540895947220371e-06
1.995941605209574163e+03,1.461649452538203430e+10,8.598550521204125321e-06
1.995941605209574163e+03,1.504408103648918533e+10,7.479170761651976113e-06
1.995941605209574163e+03,1.547166754759633827e+10,6.563588196901972450e-06
1.995941605209574163e+03,1.589925405870348930e+10,5.807519152140298197e-06
1.995941605209574163e+03,1.632684056981064224e+10,5.170309521776286627e-06
1.995941605209574163e+03,1.675442708091779137e+10,4.626634588939776694e-06
1.995941605209574163e+03,1.718201359202494431e+10,4.159179785184126929e-06
1.995941605209574163e+03,1.760960010313209915e+10,3.749568454138020824e-06
1.995941605209574163e+03,1.803718661423925018e+10,3.394354898344246191e-06
1.995941605209574163e+03,1.846477312534639740e+10,3.081108715564386507e-06
1.995941605209574163e+03,1.889235963645355225e+10,2.804599188258732804e-06
1.995941605209574163e+03,1.931994614756070709e+10,2.555009979433093435e-06
1.995941605209574163e+03,1.974753265866785431e+10,2.335460676122103181e-06
1.995941605209574163e+03,2.017511916977500534e+10,2.139053812743919541e-06
1.995941605209574163e+03,2.060270568088216019e+10,1.959563258113943473e-06
1.995941605209574163e+03,2.103029219198931122e+10,1.799668847542979956e-06
1.995941605209574163e+03,2.145787870309646225e+10,1.656050456238793592e-06
1.995941605209574163e+03,2.188546521420361328e+10,1.526472689976392292e-06
1.995941605209574163e+03,2.231305172531076431e+10,1.406141612862367567e-06
1.995941605209574163e+03,2.274063823641791916e+10,1.298142294396088924e-06
1.995941605209574163e+03,2.316822474752507019e+10,1.200602227343776920e-06
1.995941605209574163e+03,2.359581125863221741e+10,1.108822998175217945e-06
1.995941605209574163e+03,2.402339776973937225e+10,1.028398797302497860e-06
1.995941605209574163e+03,2.445098428084652710e+10,9.549538658635901146e-07
1.995941605209574163e+03,2.487857079195367432e+10,8.839030561273078759e-07
1.995941605209574163e+03,2.530615730306082535e+10,8.229857576706885230e-07
1.995941605209574163e+03,2.573374381416798019e+10,7.645145311307400977e-07
1.995941605209574163e+03,2.616133032527513123e+10,7.110012435361875355e-07
1.995941605209574163e+03,2.658891683638228226e+10,6.634885324110538555e-07
1.995941605209574163e+03,2.701650334748943329e+10,6.163617251703748595e-07
1.995941605209574163e+03,2.744408985859658432e+10,5.770231487479925071e-07
1.995941605209574163e+03,2.787167636970373917e+10,5.372277478327223060e-07
1.995941605209574163e+03,2.829926288081089020e+10,5.027729725683319787e-07
1.995941605209574163e+03,2.872684939191804123e+10,4.706900836693031190e-07
1.995941605209574163e+03,2.915443590302519226e+10,4.394665550348371424e-07
1.995941605209574163e+03,2.958202241413234711e+10,4.101965552961024466e-07
1.995941605209574163e+03,3.000960892523949814e+10,3.851430845030560803e-07
1.995941605209574163e+03,3.043719543634664536e+10,3.618427564696365255e-07
1.995941605209574163e+03,3.086478194745380020e+10,3.383317709159829126e-07
1.995941605209574163e+03,3.129236845856095505e+10,3.165150843390713512e-07
1.995941605209574163e+03,3.171995496966810226e+10,2.979317038339853628e-07
1.995941605209574163e+03,3.214754148077525330e+10,2.780220924232667735e-07
1.995941605209574163e+03,3.257512799188240814e+10,2.613716696466370054e-07
1.995941605209574163e+03,3.300271450298955917e+10,2.455297802300466294e-07
1.995941605209574163e+03,3.343030101409671402e+10,2.292042538185758266e-07
1.995941605209574163e+03,3.385788752520386124e+10,2.164623643679468174e-07
1.995941605209574163e+03,3.428547403631101227e+10,2.024912315486554543e-07
1.995941605209574163e+03,3.471306054741816711e+10,1.899703977883431036e-07
1.995941605209574163e+03,3.514064705852531433e+10,1.763275906979942021e-07
1.995941605209574163e+03,3.556823356963246918e+10,1.666874048401834934e-07
1.995941605209574163e+03,3.599582008073962402e+10,1.544413390354028126e-07
1.995941605209574163e+03,3.642340659184677124e+10,1.450081609628235640e-07
1.995941605209574163e+03,3.685099310295392609e+10,1.351168486596982795e-07
1.995941605209574163e+03,3.727857961406107330e+10,1.248132359006045778e-07
1.995941605209574163e+03,3.770616612516822815e+10,1.179976349845754721e-07
1.995941605209574163e+03,3.813375263627538300e+10,1.085886452724506520e-07
1.995941605209574163e+03,3.856133914738253021e+10,9.966254712187416597e-08
1.995941605209574163e+03,3.898892565848967743e+10,9.119040156182948620e-08
1.995941605209574163e+03,3.941651216959683228e+10,8.314290763453587163e-08
1.995941605209574163e+03,3.984409868070398712e+10,7.550513496239569453e-08
1.995941605209574163e+03,4.027168519181114197e+10,6.827790835715105323e-08
1.995941605209574163e+03,4.069927170291828918e+10,6.139316945434181924e-08
1.995941605209574163e+03,4.112685821402544403e+10,5.174609811934571514e-08
1.995941605209574163e+03,4.155444472513259125e+10,4.421803678818333232e-08
1.995941605209574163e+03,4.198203123623973846e+10,3.468420580836270088e-08
1.995941605209574163e+03,4.240961774734689331e+10,2.255491660834977851e-08
1.992287787500658624e+03,0.000000000000000000e+00,2.619617888776520909e-01
1.992287787500658624e+03,4.275865111071519256e+08,2.619617888776520909e-01
1.992287787500658624e+03,8.551730222143038511e+08,2.619617888776520909e-01
1.992287787500658624e+03,1.282759533321455956e+09,2.619617888776520909e-01
1.992287787500658624e+03,1.710346044428607702e+09,2.619617888776520909e-01
1.992287787500658624e+03,2.137932555535759449e+09,2.619617888776520909e-01
1.992287787500658624e+03,2.565519066642911911e+09,2.619617888776520909e-01
1.992287787500658624e+03,2.993105577750063896e+09,2.619617888776520909e-01
1.992287787500658624e+03,3.420692088857215405e+09,2.619617888776520909e-01
1.992287787500658624e+03,3.848278599964367390e+09,2.619617888776520909e-01
1.992287787500658624e+03,4.275865111071518898e+09,2.619617888776520909e-01
1.992287787500658624e+03,4.703451622178671837e+09,2.619617888776520909e-01
1.992287787500658624e+03,5.131038133285823822e+09,2.619617888776520909e-01
1.992287787500658624e+03,5.558624644392974854e+09,2.619617888776520909e-01
1.992287787500658624e+03,5.986211155500127792e+09,2.619617888776520909e-01
1.992287787500658624e+03,6.413797666607279778e+09,2.619617888776520909e-01
1.992287787500658624e+03,6.841384177714430809e+09,2.619617888776520909e-01
1.992287787500658624e+03,7.268970688821582794e+09,2.619617888776520909e-01
1.992287787500658624e+03,7.696557199928734779e+09,2.619617888776520909e-01
1.992287787500658624e+03,8.124143711035886765e+09,2.619617888776520909e-01
1.992287787500658624e+03,8.551730222143037796e+09,2.619617888776520909e-01
1.992287787500658624e+03,8.630283369881910324e+09,2.619617888776520909e-01
1.992287787500658624e+03,9.057869880989061356e+09,4.091996719565684469e-03
1.992287787500658624e+03,9.485456392096214294e+09,1.012979049616570841e-03
1.992287787500658624e+03,9.913042903203365326e+09,3.034092021896501491e-04
1.992287787500658624e+03,1.034062941431051826e+10,1.446916817216374618e-04
1.992287787500658624e+03,1.076821592541766930e+10,8.708544042696641932e-05
1.992287787500658624e+03,1.119580243652482033e+10,5.677563515846052641e-05
1.992287787500658624e+03,1.162338894763197327e+10,3.943420255518124832e-05
1.992287787500658624e+03,1.205097545873912430e+10,2.889749813791816699e-05
1.992287787500658624e+03,1.247856196984627533e+10,2.212457931043105042e-05
1.992287787500658624e+03,1.290614848095342827e+10,1.750489812818543657e-05
1.992287787500658624e+03,1.333373499206057930e+10,1.423670329750392276e-05
1.992287787500658624e+03,1.376132150316773033e+10,1.184989050768818485e-05
1.992287787500658624e+03,1.418890801427488327e+10,1.004886065420014736e-05
1.992287787500658624e+03,1.461649452538203430e+10,8.640890428898835937e-06
1.992287787500658624e+03,1.504408103648918533e+10,7.515945544783517700e-06
1.992287787500658624e+03,1.547166754759633827e+10,6.595820394500895995e-06
1.992287787500658624e+03,1.589925405870348930e+10,5.836006425638223676e-06
1.992287787500658624e+03,1.632684056981064224e+10,5.195645425104399982e-06
1.992287787500658624e+03,1.675442708091779137e+10,4.649285475381275404e-06
1.992287787500658624e+03,1.718201359202494431e+10,4.179524988122946807e-06
1.992287787500658624e+03,1.760960010313209915e+10,3.767896090091537965e-06
1.992287787500658624e+03,1.803718661423925018e+10,3.410934427130572117e-06
1.992287787500658624e+03,1.846477312534639740e+10,3.096148221549437026e-06
1.992287787500658624e+03,1.889235963645355225e+10,2.818280468519270225e-06
1.992287787500658624e+03,1.931994614756070709e+10,2.567466658116651208e-06
1.992287787500658624e+03,1.974753265866785431e+10,2.346840728283418558e-06
1.992287787500658624e+03,2.017511916977500534e+10,2.149471413622121434e-06
1.992287787500658624e+03,2.060270568088216019e+10,1.969102139117354033e-06
1.992287787500658624e+03,2.103029219198931122e+10,1.808425356573615784e-06
1.992287787500658624e+03,2.145787870309646225e+10,1.664104614128073592e-06
1.992287787500658624e+03,2.188546521420361328e+10,1.533893505445818734e-06
1.992287787500658624e+03,2.231305172531076431e+10,1.412974779975002424e-06
1.992287787500658624e+03,2.274063823641791916e+10,1.304448268905724629e-06
1.992287787500658624e+03,2.316822474752507019e+10,1.206432247598624001e-06
1.992287787500658624e+03,2.359581125863221741e+10,1.114205583220313575e-06
1.992287787500658624e+03,2.402339776973937225e+10,1.033389281550682063e-06
1.992287787500658624e+03,2.445098428084652710e+10,9.595864386716266394e-07
1.992287787500658624e+03,2.487857079195367432e+10,8.881897505215009348e-07
1.992287787500658624e+03,2.530615730306082535e+10,8.269758012588600176e-07
1.992287787500658624e+03,2.573374381416798019e+10,7.682200296350626665e-07
1.992287787500658624e+03,2.616133032527513123e+10,7.144465111964046443e-07
1.992287787500658624e+03,2.658891683638228226e+10,6.667027318419142888e-07
1.992287787500658624e+03,2.701650334748943329e+10,6.193468889800311865e-07
1.992287787500658624e+03,2.744408985859658432e+10,5.798171580488042655e-07
1.992287787500658624e+03,2.787167636970373917e+10,5.398285239131862464e-07
1.992287787500658624e+03,2.829926288081089020e+10,5.052063906946133285e-07
1.992287787500658624e+03,2.872684939191804123e+10,4.729677351053096164e-07
1.992287787500658624e+03,2.915443590302519226e+10,4.415927128297504740e-07
1.992287787500658624e+03,2.958202241413234711e+10,4.121807603341671301e-07
1.992287787500658624e+03,3.000960892523949814e+10,3.870057355392176897e-07
1.992287787500658624e+03,3.043719543634664536e+10,3.635923978377073809e-07
1.992287787500658624e+03,3.086478194745380020e+10,3.399674686244537783e-07
1.992287787500658624e+03,3.129236845856095505e+10,3.180450721691861854e-07
1.992287787500658624e+03,3.171995496966810226e+10,2.993716260885972992e-07
1.992287787500658624e+03,3.214754148077525330e+10,2.793656074769839912e-07
1.992287787500658624e+03,3.257512799188240814e+10,2.626345370050378974e-07
1.992287787500658624e+03,3.300271450298955917e+10,2.467159382454122956e-07
1.992287787500658624e+03,3.343030101409671402e+10,2.303114080085102735e-07
1.992287787500658624e+03,3.385788752520386124e+10,2.175078237239081431e-07
1.992287787500658624e+03,3.428547403631101227e+10,2.034690974706652274e-07
1.992287787500658624e+03,3.471306054741816711e+10,1.908876923589056238e-07
1.992287787500658624e+03,3.514064705852531433e+10,1.771789226560029925e-07
1.992287787500658624e+03,3.556823356963246918e+10,1.674920959148938677e-07
1.992287787500658624e+03,3.599582008073962402e+10,1.551868403907182202e-07
1.992287787500658624e+03,3.642340659184677124e+10,1.457080526165405653e-07
1.992287787500658624e+03,3.685099310295392609e+10,1.357689371301500661e-07
1.992287787500658624e+03,3.727857961406107330e+10,1.254155460017275340e-07
1.992287787500658624e+03,3.770616612516822815e+10,1.185669947872498220e-07
1.992287787500658624e+03,3.813375263627538300e+10,1.091125616642601528e-07
1.992287787500658624e+03,3.856133914738253021e+10,1.001433582870367817e-07
1.992287787500658624e+03,3.898892565848967743e+10,9.163030499450586824e-08
1.992287787500658624e+03,3.941651216959683228e+10,8.354395855896125393e-08
1.992287787500658624e+03,3.984409868070398712e+10,7.586931592309778353e-08
1.992287787500658624e+03,4.027168519181114197e+10,6.860720545509324252e-08
1.992287787500658624e+03,4.069927170291828918e+10,6.168923944496918191e-08
1.992287787500658624e+03,4.112685821402544403e+10,5.199562965660239328e-08
1.992287787500658624e+03,4.155444472513259125e+10,4.443125187004705070e-08
1.992287787500658624e+03,4.198203123623973846e+10,3.485143904177016240e-08
1.992287787500658624e+03,4.240961774734689331e+10,2.266366041013369829e-08
1.988640706702940406e+03,0.000000000000000000e+00,2.633207343504139208e-01
1.988640706702940406e+03,4.275865111071519256e+08,2.633207343504139208e-01
1.988640706702940406e+03,8.551730222143038511e+08,2.633207343504139208e-01
1.988640706702940406e+03,1.282759533321455956e+09,2.633207343504139208e-01
1.988640706702940406e+03,1.710346044428607702e+09,2.633207343504139208e-01
1.988640706702940406e+03,2.137932555535759449e+09,2.633207343504139208e-01
1.988640706702940406e+03,2.565519066642911911e+09,2.633207343504139208e-01
1.988640706702940406e+03,2.993105577750063896e+09,2.633207343504139208e-01
1.988640706702940406e+03,3.420692088857215405e+09,2.633207343504139208e-01
1.988640706702940406e+03,3.848278599964367390e+09,2.633207343504139208e-01
1.988640706702940406e+03,4.275865111071518898e+09,2.633207343504139208e-01
1.988640706702940406e+03,4.703451622178671837e+09,2.633207343504139208e-01
1.988640706702940406e+03,5.131038133285823822e+09,2.633207343504139208e-01
1.988640706702940406e+03,5.558624644392974854e+09,2.633207343504139208e-01
1.988640706702940406e+03,5.986211155500127792e+09,2.633207343504139208e-01
1.988640706702940406e+03,6.413797666607279778e+09,2.633207343504139208e-01
1.988640706702940406e+03,6.841384177714430809e+09,2.633207343504139208e-01
1.988640706702940406e+03,7.268970688821582794e+09,2.633207343504139208e-01
1.988640706702940406e+03,7.696557199928734779e+09,2.633207343504139208e-01
1.988640706702940406e+03,8.124143711035886765e+09,2.633207343504139208e-01
1.988640706702940406e+03,8.551730222143037796e+09,2.633207343504139208e-01
1.988640706702940406e+03,8.630283369881910324e+09,2.633207343504139208e-01
1.988640706702940406e+03,9.057869880989061356e+09,4.113201596231958260e-03
1.988640706702940406e+03,9.485456392096214294e+09,1.018212778178765460e-03
1.988640706702940406e+03,9.913042903203365326e+09,3.049652929187883239e-04
1.988640706702940406e+03,1.034062941431051826e+10,1.454283571832768699e-04
1.988640706702940406e+03,1.076821592541766930e+10,8.752647294848368224e-05
1.988640706702940406e+03,1.119580243652482033e+10,5.706175251021091083e-05
1.988640706702940406e+03,1.162338894763197327e+10,3.963203568372078537e-05
1.988640706702940406e+03,1.205097545873912430e+10,2.904189518086765356e-05
1.988640706702940406e+03,1.247856196984627533e+10,2.223475270403516593e-05
1.988640706702940406e+03,1.290614848095342827e+10,1.759180387836951871e-05
1.988640706702940406e+03,1.333373499206057930e+10,1.430720004713539553e-05
1.988640706702940406e+03,1.376132150316773033e+10,1.190843830938555345e-05
1.988640706702940406e+03,1.418890801427488327e+10,1.009841600669573464e-05
1.988640706702940406e+03,1.461649452538203430e+10,8.683432194281192332e-06
1.988640706702940406e+03,1.504408103648918533e+10,7.552895353012366376e-06
1.988640706702940406e+03,1.547166754759633827e+10,6.628205767364910875e-06
1.988640706702940406e+03,1.589925405870348930e+10,5.864628896490555252e-06
1.988640706702940406e+03,1.632684056981064224e+10,5.221101424442236700e-06
1.988640706702940406e+03,1.675442708091779137e+10,4.672043612462472080e-06
1.988640706702940406e+03,1.718201359202494431e+10,4.199966427474698330e-06
1.988640706702940406e+03,1.760960010313209915e+10,3.786310340363679833e-06
1.988640706702940406e+03,1.803718661423925018e+10,3.427592241810677160e-06
1.988640706702940406e+03,1.846477312534639740e+10,3.111258685110256289e-06
1.988640706702940406e+03,1.889235963645355225e+10,2.832026249829826301e-06
1.988640706702940406e+03,1.931994614756070709e+10,2.579982024365954955e-06
1.988640706702940406e+03,1.974753265866785431e+10,2.358274360307670842e-06
1.988640706702940406e+03,2.017511916977500534e+10,2.159938032219853078e-06
1.988640706702940406e+03,2.060270568088216019e+10,1.978685877319241759e-06
1.988640706702940406e+03,2.103029219198931122e+10,1.817223020793064044e-06
1.988640706702940406e+03,2.145787870309646225e+10,1.672196605995703665e-06
1.988640706702940406e+03,2.188546521420361328e+10,1.541349161953428857e-06
1.988640706702940406e+03,2.231305172531076431e+10,1.419840013940407247e-06
1.988640706702940406e+03,2.274063823641791916e+10,1.310783822793918247e-06
1.988640706702940406e+03,2.316822474752507019e+10,1.212289602553070583e-06
1.988640706702940406e+03,2.359581125863221741e+10,1.119613395092458766e-06
1.988640706702940406e+03,2.402339776973937225e+10,1.038403145312457703e-06
1.988640706702940406e+03,2.445098428084652710e+10,9.642407056775162173e-07
1.988640706702940406e+03,2.487857079195367432e+10,8.924965125252196976e-07
1.988640706702940406e+03,2.530615730306082535e+10,8.309845168004221177e-07
1.988640706702940406e+03,2.573374381416798019e+10,7.719428624998849855e-07
1.988640706702940406e+03,2.616133032527513123e+10,7.179078909511845122e-07
1.988640706702940406e+03,2.658891683638228226e+10,6.699319579906831931e-07
1.988640706702940406e+03,2.701650334748943329e+10,6.223460045557578722e-07
1.988640706702940406e+03,2.744408985859658432e+10,5.826242221338346213e-07
1.988640706702940406e+03,2.787167636970373917e+10,5.424414488403328012e-07
1.988640706702940406e+03,2.829926288081089020e+10,5.076511727147681562e-07
1.988640706702940406e+03,2.872684939191804123e+10,4.752560202487238107e-07
1.988640706702940406e+03,2.915443590302519226e+10,4.437287947476170439e-07
1.988640706702940406e+03,2.958202241413234711e+10,4.141742249564030379e-07
1.988640706702940406e+03,3.000960892523949814e+10,3.888770768274010593e-07
1.988640706702940406e+03,3.043719543634664536e+10,3.653502003645417088e-07
1.988640706702940406e+03,3.086478194745380020e+10,3.416107945241876311e-07
1.988640706702940406e+03,3.129236845856095505e+10,3.195821938647068931e-07
1.988640706702940406e+03,3.171995496966810226e+10,3.008182609123434798e-07
1.988640706702940406e+03,3.214754148077525330e+10,2.807153846294688548e-07
1.988640706702940406e+03,3.257512799188240814e+10,2.639032895022167336e-07
1.988640706702940406e+03,3.300271450298955917e+10,2.479076229741068457e-07
1.988640706702940406e+03,3.343030101409671402e+10,2.314237200353462729e-07
1.988640706702940406e+03,3.385788752520386124e+10,2.185581526678674657e-07
1.988640706702940406e+03,3.428547403631101227e+10,2.044515174761567968e-07
1.988640706702940406e+03,3.471306054741816711e+10,1.918092583160414691e-07
1.988640706702940406e+03,3.514064705852531433e+10,1.780342183497659647e-07
1.988640706702940406e+03,3.556823356963246918e+10,1.683005330151028814e-07
1.988640706702940406e+03,3.599582008073962402e+10,1.559358118218862630e-07
1.988640706702940406e+03,3.642340659184677124e+10,1.464112016183228427e-07
1.988640706702940406e+03,3.685099310295392609e+10,1.364240601136739231e-07
1.988640706702940406e+03,3.727857961406107330e+10,1.260206586730173777e-07
1.988640706702940406e+03,3.770616612516822815e+10,1.191390034957458482e-07
1.988640706702940406e+03,3.813375263627538300e+10,1.096389152914263071e-07
1.988640706702940406e+03,3.856133914738253021e+10,1.006264059419297845e-07
1.988640706702940406e+03,3.898892565848967743e+10,9.207225443554729328e-08
1.988640706702940406e+03,3.941651216959683228e+10,8.394687460767759295e-08
1.988640706702940406e+03,3.984409868070398712e+10,7.623519037952646113e-08
1.988640706702940406e+03,4.027168519181114197e+10,6.893803368983442420e-08
1.988640706702940406e+03,4.069927170291828918e+10,6.198668594540992790e-08
1.988640706702940406e+03,4.112685821402544403e+10,5.224632124637412074e-08
1.988640706702940406e+03,4.155444472513259125e+10,4.464545808928880767e-08
1.988640706702940406e+03,4.198203123623973846e+10,3.501944960330251048e-08
1.988640706702940406e+03,4.240961774734689331e+10,2.277290963173013128e-08
1.985000362220961506e+03,0.000000000000000000e+00,2.646865795424284129e-01
1.985000362220961506e+03,4.275865111071519256e+08,2.646865795424284129e-01
1.985000362220961506e+03,8.551730222143038511e+08,2.646865795424284129e-01
1.985000362220961506e+03,1.282759533321455956e+09,2.646865795424284129e-01
1.985000362220961506e+03,1.710346044428607702e+09,2.646865795424284129e-01
1.985000362220961506e+03,2.137932555535759449e+09,2.646865795424284129e-01
1.985000362220961506e+03,2.565519066642911911e+09,2.646865795424284129e-01
1.985000362220961506e+03,2.993105577750063896e+09,2.646865795424284129e-01
1.985000362220961506e+03,3.420692088857215405e+09,2.646865795424284129e-01
1.985000362220961506e+03,3.848278599964367390e+09,2.646865795424284129e-01
1.985000362220961506e+03,4.275865111071518898e+09,2.646865795424284129e-01
1.985000362220961506e+03,4.703451622178671837e+09,2.646865795424284129e-01
1.985000362220961506e+03,5.131038133285823822e+09,2.646865795424284129e-01
1.985000362220961506e+03,5.558624644392974854e+09,2.646865795424284129e-01
1.985000362220961506e+03,5.986211155500127792e+09,2.646865795424284129e-01
1.985000362220961506e+03,6.413797666607279778e+09,2.646865795424284129e-01
1.985000362220961506e+03,6.841384177714430809e+09,2.646865795424284129e-01
1.985000362220961506e+03,7.268970688821582794e+09,2.646865795424284129e-01
1.985000362220961506e+03,7.696557199928734779e+09,2.646865795424284129e-01
1.985000362220961506e+03,8.124143711035886765e+09,2.646865795424284129e-01
1.985000362220961506e+03,8.551730222143037796e+09,2.646865795424284129e-01
1.985000362220961506e+03,8.630283369881910324e+09,2.646865795424284129e-01
1.985000362220961506e+03,9.057869880989061356e+09,4.134513992755893368e-03
1.985000362220961506e+03,9.485456392096214294e+09,1.023472944856027717e-03
1.985000362220961506e+03,9.913042903203365326e+09,3.065291703944920737e-04
1.985000362220961506e+03,1.034062941431051826e+10,1.461686850873183507e-04
1.985000362220961506e+03,1.076821592541766930e+10,8.796967789779033559e-05
1.985000362220961506e+03,1.119580243652482033e+10,5.734927086175305297e-05
1.985000362220961506e+03,1.162338894763197327e+10,3.983083234355972021e-05
1.985000362220961506e+03,1.205097545873912430e+10,2.918699220102520962e-05
1.985000362220961506e+03,1.247856196984627533e+10,2.234545800941041394e-05
1.985000362220961506e+03,1.290614848095342827e+10,1.767912771350462232e-05
1.985000362220961506e+03,1.333373499206057930e+10,1.437803490290745011e-05
1.985000362220961506e+03,1.376132150316773033e+10,1.196726617460793257e-05
1.985000362220961506e+03,1.418890801427488327e+10,1.014820787674949358e-05
1.985000362220961506e+03,1.461649452538203430e+10,8.726176605998548649e-06
1.985000362220961506e+03,1.504408103648918533e+10,7.590020868285528095e-06
1.985000362220961506e+03,1.547166754759633827e+10,6.660744910879529461e-06
1.985000362220961506e+03,1.589925405870348930e+10,5.893387089078277963e-06
1.985000362220961506e+03,1.632684056981064224e+10,5.246677984695330048e-06
1.985000362220961506e+03,1.675442708091779137e+10,4.694909414629662472e-06
1.985000362220961506e+03,1.718201359202494431e+10,4.220504474520913831e-06
1.985000362220961506e+03,1.760960010313209915e+10,3.804811538624703854e-06
1.985000362220961506e+03,1.803718661423925018e+10,3.444328643553502606e-06
1.985000362220961506e+03,1.846477312534639740e+10,3.126440378871492695e-06
1.985000362220961506e+03,1.889235963645355225e+10,2.845836779707967965e-06
1.985000362220961506e+03,1.931994614756070709e+10,2.592556303140573117e-06
1.985000362220961506e+03,1.974753265866785431e+10,2.369761777355654629e-06
1.985000362220961506e+03,2.017511916977500534e+10,2.170453856038015389e-06
1.985000362220961506e+03,2.060270568088216019e+10,1.988314644144577360e-06
1.985000362220961506e+03,2.103029219198931122e+10,1.826061997336462741e-06
1.985000362220961506e+03,2.145787870309646225e+10,1.680326576170314483e-06
1.985000362220961506e+03,2.188546521420361328e+10,1.548839792299255712e-06
1.985000362220961506e+03,2.231305172531076431e+10,1.426737436890159940e-06
1.985000362220961506e+03,2.274063823641791916e+10,1.317149068634489901e-06
1.985000362220961506e+03,2.316822474752507019e+10,1.218174396162551678e-06
1.985000362220961506e+03,2.359581125863221741e+10,1.125046529668234815e-06
1.985000362220961506e+03,2.402339776973937225e+10,1.043440477383503075e-06
1.985000362220961506e+03,2.445098428084652710e+10,9.689167492227061734e-07
1.985000362220961506e+03,2.487857079195367432e+10,8.968234182633774476e-07
1.985000362220961506e+03,2.530615730306082535e+10,8.350119750828341858e-07
1.985000362220961506e+03,2.573374381416798019e+10,7.756830954042172767e-07
1.985000362220961506e+03,2.616133032527513123e+10,7.213854438177590812e-07
1.985000362220961506e+03,2.658891683638228226e+10,6.731762677345129396e-07
1.985000362220961506e+03,2.701650334748943329e+10,6.253591246797985024e-07
1.985000362220961506e+03,2.744408985859658432e+10,5.854443903695422866e-07
1.985000362220961506e+03,2.787167636970373917e+10,5.450665685356791349e-07
1.985000362220961506e+03,2.829926288081089020e+10,5.101073615633874632e-07
1.985000362220961506e+03,2.872684939191804123e+10,4.775549792581086675e-07
1.985000362220961506e+03,2.915443590302519226e+10,4.458748382528434990e-07
1.985000362220961506e+03,2.958202241413234711e+10,4.161769841063224639e-07
1.985000362220961506e+03,3.000960892523949814e+10,3.907571411495845278e-07
1.985000362220961506e+03,3.043719543634664536e+10,3.671161948247221314e-07
1.985000362220961506e+03,3.086478194745380020e+10,3.432617773707746489e-07
1.985000362220961506e+03,3.129236845856095505e+10,3.211264763094158872e-07
1.985000362220961506e+03,3.171995496966810226e+10,3.022716335929383764e-07
1.985000362220961506e+03,3.214754148077525330e+10,2.820714474648954015e-07
1.985000362220961506e+03,3.257512799188240814e+10,2.651779492960080720e-07
1.985000362220961506e+03,3.300271450298955917e+10,2.491048552185410215e-07
1.985000362220961506e+03,3.343030101409671402e+10,2.325412093082334711e-07
1.985000362220961506e+03,3.385788752520386124e+10,2.196133695190617746e-07
1.985000362220961506e+03,3.428547403631101227e+10,2.054385086932909412e-07
1.985000362220961506e+03,3.471306054741816711e+10,1.927351117208803242e-07
1.985000362220961506e+03,3.514064705852531433e+10,1.788934926804931380e-07
1.985000362220961506e+03,3.556823356963246918e+10,1.691127302200967603e-07
1.985000362220961506e+03,3.599582008073962402e+10,1.566882663684957200e-07
1.985000362220961506e+03,3.642340659184677124e+10,1.471176202057015067e-07
1.985000362220961506e+03,3.685099310295392609e+10,1.370822290084062922e-07
1.985000362220961506e+03,3.727857961406107330e+10,1.266285844395292228e-07
1.985000362220961506e+03,3.770616612516822815e+10,1.197136710558674942e-07
1.985000362220961506e+03,3.813375263627538300e+10,1.101677153034417276e-07
1.985000362220961506e+03,3.856133914738253021e+10,1.011116984810457623e-07
1.985000362220961506e+03,3.898892565848967743e+10,9.251625756323933468e-08
1.985000362220961506e+03,3.941651216959683228e+10,8.435166277902090461e-08
1.985000362220961506e+03,3.984409868070398712e+10,7.660276468501909459e-08
1.985000362220961506e+03,4.027168519181114197e+10,6.927039880470230238e-08
1.985000362220961506e+03,4.069927170291828918e+10,6.228551411816370667e-08
1.985000362220961506e+03,4.112685821402544403e+10,5.249817723880476462e-08
1.985000362220961506e+03,4.155444472513259125e+10,4.486065916210864058e-08
1.985000362220961506e+03,4.198203123623973846e+10,3.518824040711321828e-08
1.985000362220961506e+03,4.240961774734689331e+10,2.288266616767680911e-08
1.981366677837224415e+03,0.000000000000000000e+00,2.660593828964956664e-01
1.981366677837224415e+03,4.275865111071519256e+08,2.660593828964956664e-01
1.981366677837224415e+03,8.551730222143038511e+08,2.660593828964956664e-01
1.981366677837224415e+03,1.282759533321455956e+09,2.660593828964956664e-01
1.981366677837224415e+03,1.710346044428607702e+09,2.660593828964956664e-01
1.981366677837224415e+03,2.137932555535759449e+09,2.660593828964956664e-01
1.981366677837224415e+03,2.565519066642911911e+09,2.660593828964956664e-01
1.981366677837224415e+03,2.993105577750063896e+09,2.660593828964956664e-01
1.981366677837224415e+03,3.420692088857215405e+09,2.660593828964956664e-01
1.981366677837224415e+03,3.848278599964367390e+09,2.660593828964956664e-01
1.981366677837224415e+03,4.275865111071518898e+09,2.660593828964956664e-01
1.981366677837224415e+03,4.703451622178671837e+09,2.660593828964956664e-01
1.981366677837224415e+03,5.131038133285823822e+09,2.660593828964956664e-01
1.981366677837224415e+03,5.558624644392974854e+09,2.660593828964956664e-01
1.981366677837224415e+03,5.986211155500127792e+09,2.660593828964956664e-01
1.981366677837224415e+03,6.413797666607279778e+09,2.660593828964956664e-01
1.981366677837224415e+03,6.841384177714430809e+09,2.660593828964956664e-01
1.981366677837224415e+03,7.268970688821582794e+09,2.660593828964956664e-01
1.981366677837224415e+03,7.696557199928734779e+09,2.660593828964956664e-01
1.981366677837224415e+03,8.124143711035886765e+09,2.660593828964956664e-01
1.981366677837224415e+03,8.551730222143037796e+09,2.660593828964956664e-01
1.981366677837224415e+03,8.630283369881910324e+09,2.660593828964956664e-01
1.981366677837224415e+03,9.057869880989061356e+09,4.155934819473868121e-03
1.981366677837224415e+03,9.485456392096214294e+09,1.028759773209702612e-03
1.981366677837224415e+03,9.913042903203365326e+09,3.081009002526142711e-04
1.981366677837224415e+03,1.034062941431051826e+10,1.469126961296340179e-04
1.981366677837224415e+03,1.076821592541766930e+10,8.841507349774681518e-05
1.981366677837224415e+03,1.119580243652482033e+10,5.763820194613751910e-05
1.981366677837224415e+03,1.162338894763197327e+10,4.003060059304640046e-05
1.981366677837224415e+03,1.205097545873912430e+10,2.933279504585417714e-05
1.981366677837224415e+03,1.247856196984627533e+10,2.245669966578742768e-05
1.981366677837224415e+03,1.290614848095342827e+10,1.776687311997359798e-05
1.981366677837224415e+03,1.333373499206057930e+10,1.444921068229531642e-05
1.981366677837224415e+03,1.376132150316773033e+10,1.202637643577766680e-05
1.981366677837224415e+03,1.418890801427488327e+10,1.019823823313871110e-05
1.981366677837224415e+03,1.461649452538203430e+10,8.769125350150395234e-06
1.981366677837224415e+03,1.504408103648918533e+10,7.627323552001127087e-06
1.981366677837224415e+03,1.547166754759633827e+10,6.693439103569077619e-06
1.981366677837224415e+03,1.589925405870348930e+10,5.922282131525759819e-06
1.981366677837224415e+03,1.632684056981064224e+10,5.272376107704642003e-06
1.981366677837224415e+03,1.675442708091779137e+10,4.717883776346027131e-06
1.981366677837224415e+03,1.718201359202494431e+10,4.241139931685020154e-06
1.981366677837224415e+03,1.760960010313209915e+10,3.823400406921273362e-06
1.981366677837224415e+03,1.803718661423925018e+10,3.461144284851689416e-06
1.981366677837224415e+03,1.846477312534639740e+10,3.141693894140489739e-06
1.981366677837224415e+03,1.889235963645355225e+10,2.859712595567078783e-06
1.981366677837224415e+03,1.931994614756070709e+10,2.605189983342164718e-06
1.981366677837224415e+03,1.974753265866785431e+10,2.381303425713086550e-06
1.981366677837224415e+03,2.017511916977500534e+10,2.181019293305538715e-06
1.981366677837224415e+03,2.060270568088216019e+10,1.997988813124581336e-06
1.981366677837224415e+03,2.103029219198931122e+10,1.834942628865543631e-06
1.981366677837224415e+03,2.145787870309646225e+10,1.688494839623517289e-06
1.981366677837224415e+03,2.188546521420361328e+10,1.556365686505338454e-06
1.981366677837224415e+03,2.231305172531076431e+10,1.433667315725535865e-06
1.981366677837224415e+03,2.274063823641791916e+10,1.323544252599887074e-06
1.981366677837224415e+03,2.316822474752507019e+10,1.224086855895925937e-06
1.981366677837224415e+03,2.359581125863221741e+10,1.130505196857052097e-06
1.981366677837224415e+03,2.402339776973937225e+10,1.048501472284181927e-06
1.981366677837224415e+03,2.445098428084652710e+10,9.736147497897439957e-07
1.981366677837224415e+03,2.487857079195367432e+10,9.011706346736331657e-07
1.981366677837224415e+03,2.530615730306082535e+10,8.390583314208947788e-07
1.981366677837224415e+03,2.573374381416798019e+10,7.794408725256413667e-07
1.981366677837224415e+03,2.616133032527513123e+10,7.248793037984558486e-07
1.981366677837224415e+03,2.658891683638228226e+10,6.764357860400323662e-07
1.981366677837224415e+03,2.701650334748943329e+10,6.283863653714322854e-07
1.981366677837224415e+03,2.744408985859658432e+10,5.882777713095709398e-07
1.981366677837224415e+03,2.787167636970373917e+10,5.477039840141414403e-07
1.981366677837224415e+03,2.829926288081089020e+10,5.125750517228189491e-07
1.981366677837224415e+03,2.872684939191804123e+10,4.798647005397675233e-07
1.981366677837224415e+03,2.915443590302519226e+10,4.480309258481639375e-07
1.981366677837224415e+03,2.958202241413234711e+10,4.181891147585243338e-07
1.981366677837224415e+03,3.000960892523949814e+10,3.926460007436967881e-07
1.981366677837224415e+03,3.043719543634664536e+10,3.688904490546895862e-07
1.981366677837224415e+03,3.086478194745380020e+10,3.449204805678492352e-07
1.981366677837224415e+03,3.129236845856095505e+10,3.226779787957698240e-07
1.981366677837224415e+03,3.171995496966810226e+10,3.037317999187949501e-07
1.981366677837224415e+03,3.214754148077525330e+10,2.834338480258819651e-07
1.981366677837224415e+03,3.257512799188240814e+10,2.664585652942627937e-07
1.981366677837224415e+03,3.300271450298955917e+10,2.503076809061607416e-07
1.981366677837224415e+03,3.343030101409671402e+10,2.336639186878063049e-07
1.981366677837224415e+03,3.385788752520386124e+10,2.206735147412960429e-07
1.981366677837224415e+03,3.428547403631101227e+10,2.064301089629666090e-07
1.981366677837224415e+03,3.471306054741816711e+10,1.936652880642129787e-07
1.981366677837224415e+03,3.514064705852531433e+10,1.797567785818036132e-07
1.981366677837224415e+03,3.556823356963246918e+10,1.699287186535772613e-07
1.981366677837224415e+03,3.599582008073962402e+10,1.574442328607809650e-07
1.981366677837224415e+03,3.642340659184677124e+10,1.478273354407258952e-07
1.981366677837224415e+03,3.685099310295392609e+10,1.377434690244274759e-07
1.981366677837224415e+03,3.727857961406107330e+10,1.272393465838622754e-07
1.981366677837224415e+03,3.770616612516822815e+10,1.202910194729956561e-07
1.981366677837224415e+03,3.813375263627538300e+10,1.106989819468088903e-07
1.981366677837224415e+03,3.856133914738253021e+10,1.015992544828509234e-07
1.981366677837224415e+03,3.898892565848967743e+10,9.296233137335555821e-08
1.981366677837224415e+03,3.941651216959683228e+10,8.475833856586551430e-08
1.981366677837224415e+03,3.984409868070398712e+10,7.697205290649837850e-08
1.981366677837224415e+03,4.027168519181114197e+10,6.960431351772851021e-08
1.981366677837224415e+03,4.069927170291828918e+10,6.258573539664716608e-08
1.981366677837224415e+03,4.112685821402544403e+10,5.275120726923475940e-08
1.981366677837224415e+03,4.155444472513259125e+10,4.507686332069229857e-08
1.981366677837224415e+03,4.198203123623973846e+10,3.535781790941839547e-08
1.981366677837224415e+03,4.240961774734689331e+10,2.299293421574065316e-08
1.977739578310338175e+03,0.000000000000000000e+00,2.674392033287941173e-01
1.977739578310338175e+03,4.275865111071519256e+08,2.674392033287941173e-01
1.977739578310338175e+03,8.551730222143038511e+08,2.674392033287941173e-01
1.977739578310338175e+03,1.282759533321455956e+09,2.674392033287941173e-01
1.977739578310338175e+03,1.710346044428607702e+09,2.674392033287941173e-01
1.977739578310338175e+03,2.137932555535759449e+09,2.674392033287941173e-01
1.977739578310338175e+03,2.565519066642911911e+09,2.674392033287941173e-01
1.977739578310338175e+03,2.993105577750063896e+09,2.674392033287941173e-01
1.977739578310338175e+03,3.420692088857215405e+09,2.674392033287941173e-01
1.977739578310338175e+03,3.848278599964367390e+09,2.674392033287941173e-01
1.977739578310338175e+03,4.275865111071518898e+09,2.674392033287941173e-01
1.977739578310338175e+03,4.703451622178671837e+09,2.674392033287941173e-01
1.977739578310338175e+03,5.131038133285823822e+09,2.674392033287941173e-01
1.977739578310338175e+03,5.558624644392974854e+09,2.674392033287941173e-01
1.977739578310338175e+03,5.986211155500127792e+09,2.674392033287941173e-01
1.977739578310338175e+03,6.413797666607279778e+09,2.674392033287941173e-01
1.977739578310338175e+03,6.841384177714430809e+09,2.674392033287941173e-01
1.977739578310338175e+03,7.268970688821582794e+09,2.674392033287941173e-01
1.977739578310338175e+03,7.696557199928734779e+09,2.674392033287941173e-01
1.977739578310338175e+03,8.124143711035886765e+09,2.674392033287941173e-01
1.977739578310338175e+03,8.551730222143037796e+09,2.674392033287941173e-01
1.977739578310338175e+03,8.630283369881910324e+09,2.674392033287941173e-01
1.977739578310338175e+03,9.057869880989061356e+09,4.177464994085488929e-03
1.977739578310338175e+03,9.485456392096214294e+09,1.034073488602054369e-03
1.977739578310338175e+03,9.913042903203365326e+09,3.096805486522774759e-04
1.977739578310338175e+03,1.034062941431051826e+10,1.476604212483213600e-04
1.977739578310338175e+03,1.076821592541766930e+10,8.886267811399093470e-05
1.977739578310338175e+03,1.119580243652482033e+10,5.792855758775320292e-05
1.977739578310338175e+03,1.162338894763197327e+10,4.023134855289892012e-05
1.977739578310338175e+03,1.205097545873912430e+10,2.947930960784671847e-05
1.977739578310338175e+03,1.247856196984627533e+10,2.256848214643178630e-05
1.977739578310338175e+03,1.290614848095342827e+10,1.785504361078573291e-05
1.977739578310338175e+03,1.333373499206057930e+10,1.452073022422026340e-05
1.977739578310338175e+03,1.376132150316773033e+10,1.208577144302024857e-05
1.977739578310338175e+03,1.418890801427488327e+10,1.024850905954707671e-05
1.977739578310338175e+03,1.461649452538203430e+10,8.812280125574911864e-06
1.977739578310338175e+03,1.504408103648918533e+10,7.664804876577421702e-06
1.977739578310338175e+03,1.547166754759633827e+10,6.726289633582991879e-06
1.977739578310338175e+03,1.589925405870348930e+10,5.951315160437602660e-06
1.977739578310338175e+03,1.632684056981064224e+10,5.298196802831975655e-06
1.977739578310338175e+03,1.675442708091779137e+10,4.740967598781270576e-06
1.977739578310338175e+03,1.718201359202494431e+10,4.261873607400098012e-06
1.977739578310338175e+03,1.760960010313209915e+10,3.842077672702238094e-06
1.977739578310338175e+03,1.803718661423925018e+10,3.478039823074995160e-06
1.977739578310338175e+03,1.846477312534639740e+10,3.157019826640426510e-06
1.977739578310338175e+03,1.889235963645355225e+10,2.873654238830523773e-06
1.977739578310338175e+03,1.931994614756070709e+10,2.617883557517585331e-06
1.977739578310338175e+03,1.974753265866785431e+10,2.392899754990679307e-06
1.977739578310338175e+03,2.017511916977500534e+10,2.191634755290660926e-06
1.977739578310338175e+03,2.060270568088216019e+10,2.007708760569642652e-06
1.977739578310338175e+03,2.103029219198931122e+10,1.843865260589926913e-06
1.977739578310338175e+03,2.145787870309646225e+10,1.696701713667511474e-06
1.977739578310338175e+03,2.188546521420361328e+10,1.563927136747649237e-06
1.977739578310338175e+03,2.231305172531076431e+10,1.440629919328971107e-06
1.977739578310338175e+03,2.274063823641791916e+10,1.329969622688908091e-06
1.977739578310338175e+03,2.316822474752507019e+10,1.230027210908792979e-06
1.977739578310338175e+03,2.359581125863221741e+10,1.135989608124150047e-06
1.977739578310338175e+03,2.402339776973937225e+10,1.053586325975954336e-06
1.977739578310338175e+03,2.445098428084652710e+10,9.783348891976706492e-07
1.977739578310338175e+03,2.487857079195367432e+10,9.055383299293610236e-07
1.977739578310338175e+03,2.530615730306082535e+10,8.431237422785946059e-07
1.977739578310338175e+03,2.573374381416798019e+10,7.832163391081055999e-07
1.977739578310338175e+03,2.616133032527513123e+10,7.283896058863667976e-07
1.977739578310338175e+03,2.658891683638228226e+10,6.797106387974912355e-07
1.977739578310338175e+03,2.701650334748943329e+10,6.314278435071364074e-07
1.977739578310338175e+03,2.744408985859658432e+10,5.911244743093524121e-07
1.977739578310338175e+03,2.787167636970373917e+10,5.503537970365285713e-07
1.977739578310338175e+03,2.829926288081089020e+10,5.150543383728431604e-07
1.977739578310338175e+03,2.872684939191804123e+10,4.821852731523915608e-07
1.977739578310338175e+03,2.915443590302519226e+10,4.501971406449727045e-07
1.977739578310338175e+03,2.958202241413234711e+10,4.202106944553475532e-07
1.977739578310338175e+03,3.000960892523949814e+10,3.945437283803245250e-07
1.977739578310338175e+03,3.043719543634664536e+10,3.706730313909570630e-07
1.977739578310338175e+03,3.086478194745380020e+10,3.465869679863364535e-07
1.977739578310338175e+03,3.129236845856095505e+10,3.242367610531224655e-07
1.977739578310338175e+03,3.171995496966810226e+10,3.051988160893087713e-07
1.977739578310338175e+03,3.214754148077525330e+10,2.848026387383617929e-07
1.977739578310338175e+03,3.257512799188240814e+10,2.677451867649830952e-07
1.977739578310338175e+03,3.300271450298955917e+10,2.515161463025494888e-07
1.977739578310338175e+03,3.343030101409671402e+10,2.347918913502033673e-07
1.977739578310338175e+03,3.385788752520386124e+10,2.217386290961770992e-07
1.977739578310338175e+03,3.428547403631101227e+10,2.074263564045340567e-07
1.977739578310338175e+03,3.471306054741816711e+10,1.945998230979459157e-07
1.977739578310338175e+03,3.514064705852531433e+10,1.806241092295833454e-07
1.977739578310338175e+03,3.556823356963246918e+10,1.707485296681601306e-07
1.977739578310338175e+03,3.599582008073962402e+10,1.582037403409927947e-07
1.977739578310338175e+03,3.642340659184677124e+10,1.485403745844284199e-07
1.977739578310338175e+03,3.685099310295392609e+10,1.384078055571588555e-07
1.977739578310338175e+03,3.727857961406107330e+10,1.278529685597654453e-07
1.977739578310338175e+03,3.770616612516822815e+10,1.208710709142477512e-07
1.977739578310338175e+03,3.813375263627538300e+10,1.112327356168216005e-07
1.977739578310338175e+03,3.856133914738253021e+10,1.020890926623288482e-07
1.977739578310338175e+03,3.898892565848967743e+10,9.341049298654297811e-08
1.977739578310338175e+03,3.941651216959683228e+10,8.516691757490435709e-08
1.977739578310338175e+03,3.984409868070398712e+10,7.734306921421851542e-08
1.977739578310338175e+03,4.027168519181114197e+10,6.993979064035724776e-08
1.977739578310338175e+03,4.069927170291828918e+10,6.288736129824505057e-08
1.977739578310338175e+03,4.112685821402544403e+10,5.300542104376129120e-08
1.977739578310338175e+03,4.155444472513259125e+10,4.529407885767247535e-08
1.977739578310338175e+03,4.198203123623973846e+10,3.552818861383618671e-08
1.977739578310338175e+03,4.240961774734689331e+10,2.310371800450617464e-08
